   20        0.0800
   20        0.0800
   20        0.0800
   20        0.0800
   20        0.0800
   30        0.5000
   30        0.4600
   30        0.4800
   40        1.7500
   40        1.7000
   40        1.7200
   50        4.9600
   50        4.9200
   50        4.8500
   60       11.2400
   60       11.1600
   60       11.1800
   70       23.6900
   70       23.7500
   70       23.7500
   80       45.5300
   80       45.6800
   80       45.9700
   90       78.1000
   90       77.4100
   90       77.6400
