   20        0.0700
   20        0.0800
   20        0.0800
   20        0.0700
   20        0.0800
   30        0.4300
   30        0.4300
   30        0.4300
   40        1.5800
   40        1.5900
   40        1.5900
   50        4.3700
   50        4.3600
   50        4.3700
   60       10.1600
   60       10.1600
   60       10.1700
   70       20.7700
   70       20.7400
   70       20.7000
   80       39.4300
   80       39.4800
   80       39.4300
   90       67.8400
   90       67.8700
   90       67.9100
