  100      111.3000
  100      111.2400
  100      111.3900
   20        0.0800
   20        0.0800
   20        0.0800
   30        0.4400
   30        0.4400
   30        0.4400
   40        1.6100
   40        1.6100
   40        1.6100
   50        4.3900
   50        4.9000
   50        4.3700
   60       10.2100
   60       10.1500
   60       10.1800
   70       20.7100
   70       20.6400
   70       20.6800
   80       38.6900
   80       38.7100
   80       38.7600
   90       67.5300
   90       67.4900
   90       67.5000
