  100      114.5100
  100      113.5800
  100      114.3200
   20        0.0800
   20        0.0700
   20        0.0800
   30        0.4500
   30        0.4400
   30        0.4500
   40        1.6600
   40        1.6100
   40        1.6000
   50        4.5300
   50        4.4600
   50        4.5300
   60       10.4000
   60       10.3100
   60       10.3500
   70       21.2900
   70       21.2100
   70       21.2400
   80       39.4400
   80       39.6900
   80       39.5000
   90       68.5700
   90       68.5200
   90       68.6100
