  100      124.2100
  100      123.9700
  100      124.1400
   20        0.0800
   20        0.0800
   20        0.0800
   30        0.4700
   30        0.4700
   30        0.4700
   40        1.7200
   40        1.7200
   40        1.7300
   50        4.7300
   50        4.7100
   50        4.7300
   60       11.1600
   60       11.1800
   60       11.1600
   70       22.5400
   70       22.5600
   70       22.5200
   80       42.5300
   80       42.5200
   80       42.6400
   90       73.9800
   90       73.9400
   90       73.9100
