  100      131.0400
  100      135.4800
  100      129.8000
   20        0.0900
   20        0.0900
   20        0.0900
   30        0.5200
   30        0.5100
   30        0.5100
   40        1.8900
   40        1.8800
   40        1.9000
   50        5.2700
   50        5.2900
   50        5.2800
   60       12.3900
   60       12.3900
   60       12.4000
   70       25.7500
   70       25.4900
   70       25.5300
   80       46.7100
   80       48.3600
   80       46.9800
   90       84.1400
   90       84.2100
   90       84.0600
