  100      135.5400
  100      135.5700
  100      135.7800
   20        0.0800
   20        0.0800
   20        0.0900
   30        0.5100
   30        0.5100
   30        0.5100
   40        1.8000
   40        1.8200
   40        1.8800
   50        5.1400
   50        5.1200
   50        5.1500
   60       11.8700
   60       11.8600
   60       11.8800
   70       24.3600
   70       24.3700
   70       24.4000
   80       46.3800
   80       46.3700
   80       46.3000
   90       81.2000
   90       81.1500
   90       81.2900
