   20        0.0700
   20        0.0700
   20        0.0700
   20        0.0700
   20        0.0700
   30        0.4400
   30        0.4400
   30        0.4400
   40        1.6100
   40        1.6100
   40        1.6100
   50        4.3900
   50        4.3900
   50        4.3700
   60       10.1400
   60       10.1500
   60       10.1900
   70       20.6800
   70       20.7100
   70       20.6800
   80       38.7400
   80       38.7600
   80       38.7800
   90       67.4200
   90       67.5100
   90       67.4800
