  100      113.3800
  100      113.8400
  100      113.7100
   20        0.0700
   20        0.0800
   20        0.0800
   30        0.4500
   30        0.4400
   30        0.4500
   40        1.6000
   40        1.6200
   40        1.6100
   50        4.5300
   50        4.4800
   50        4.5100
   60       10.3400
   60       10.3600
   60       10.4000
   70       21.0800
   70       21.1900
   70       21.2100
   80       39.8600
   80       39.9100
   80       39.6200
   90       68.7400
   90       68.4200
   90       68.5400
