  100      111.4300
  100      111.2300
  100      111.3100
   20        0.0800
   20        0.0800
   20        0.0800
   30        0.4400
   30        0.4400
   30        0.4400
   40        1.6100
   40        1.6100
   40        1.6100
   50        4.3900
   50        4.3800
   50        4.3700
   60       10.1200
   60       10.2100
   60       10.1200
   70       20.7000
   70       20.6900
   70       20.6900
   80       38.7100
   80       38.7100
   80       38.9700
   90       67.4800
   90       67.4900
   90       67.5100
