   20        0.1000
   20        0.1000
   20        0.1000
   20        0.1000
   20        0.1000
   30        0.6200
   30        0.6200
   30        0.6100
   40        2.3400
   40        2.3500
   40        2.3400
   50        6.6300
   50        6.6300
   50        6.6300
   60       15.7800
   60       15.7900
   60       15.7800
   70       32.7600
   70       32.8000
   70       32.7800
   80       63.2000
   80       63.1400
   80       63.1200
   90      109.8200
   90      109.9000
   90      109.9400
