   20        0.1000
   20        0.1000
   20        0.1000
   20        0.1000
   20        0.1000
   30        0.6100
   30        0.6600
   30        0.6100
   40        2.3400
   40        2.3500
   40        2.3400
   50        6.7000
   50        6.6900
   50        6.6900
   60       15.9600
   60       15.9700
   60       15.9300
   70       33.4100
   70       33.2600
   70       33.2900
   80       64.1000
   80       64.1500
   80       64.1400
   90      112.2000
   90      112.1400
   90      112.1100
