   20        0.0700
   20        0.0700
   20        0.0700
   20        0.0700
   20        0.0700
   30        0.4100
   30        0.4100
   30        0.4100
   40        1.4800
   40        1.5000
   40        1.4800
   50        4.1500
   50        4.1400
   50        4.1300
   60        9.5400
   60        9.5100
   60        9.5500
   70       19.3800
   70       19.3100
   70       19.3100
   80       36.7400
   80       36.7400
   80       36.7100
   90       62.8400
   90       62.8700
   90       62.8800
