   20        0.0800
   20        0.0800
   20        0.0700
   20        0.0800
   20        0.0700
   30        0.4400
   30        0.4400
   30        0.4400
   40        1.6000
   40        1.6000
   40        1.6000
   50        4.4200
   50        4.4000
   50        4.4100
   60       10.1700
   60       10.1700
   60       10.1800
   70       20.9100
   70       20.8600
   70       20.9200
   80       39.7300
   80       39.7000
   80       39.7100
   90       68.1800
   90       68.1600
   90       68.1200
