  100      131.4300
  100      138.3100
  100      135.6100
   20        0.0800
   20        0.0800
   20        0.0900
   30        0.5100
   30        0.5000
   30        0.5100
   40        1.8000
   40        1.8000
   40        1.8100
   50        5.1200
   50        5.1400
   50        5.1200
   60       11.9000
   60       11.8500
   60       11.8700
   70       24.4100
   70       24.3600
   70       24.3700
   80       46.3000
   80       46.3400
   80       46.3300
   90       81.4200
   90       81.3600
   90       81.3100
