  100      123.7700
  100      123.7700
  100      123.7900
   20        0.0800
   20        0.0800
   20        0.0800
   30        0.4700
   30        0.4700
   30        0.4700
   40        1.7200
   40        1.7200
   40        1.7200
   50        4.7200
   50        4.7200
   50        4.7300
   60       11.1900
   60       11.2000
   60       11.1900
   70       22.5300
   70       22.5900
   70       22.5600
   80       42.9200
   80       42.9000
   80       42.9100
   90       74.3000
   90       74.0500
   90       74.0300
