  100      111.3000
  100      111.1200
  100      111.3600
   20        0.0800
   20        0.0800
   20        0.0800
   30        0.4500
   30        0.4500
   30        0.4500
   40        1.6100
   40        1.6200
   40        1.6100
   50        4.3700
   50        4.3700
   50        4.3700
   60       10.1300
   60       10.2000
   60       10.1400
   70       20.6800
   70       20.6800
   70       20.7900
   80       38.7900
   80       38.7500
   80       38.8300
   90       67.5000
   90       67.5600
   90       67.4500
