  100      111.2400
  100      111.2500
  100      111.2900
   20        0.0800
   20        0.0700
   20        0.0800
   30        0.4400
   30        0.4400
   30        0.4400
   40        1.6100
   40        1.6100
   40        1.6000
   50        4.3700
   50        4.3800
   50        4.3800
   60       10.1200
   60       10.2100
   60       10.2200
   70       20.7300
   70       20.6800
   70       20.6800
   80       38.7700
   80       38.6800
   80       38.7400
   90       67.5100
   90       67.5900
   90       67.5000
