  100      113.9000
  100      113.7000
  100      113.3700
   20        0.0800
   20        0.0800
   20        0.0800
   30        0.4400
   30        0.4500
   30        0.4500
   40        1.6100
   40        1.6000
   40        1.6100
   50        4.4900
   50        4.4800
   50        4.4800
   60       10.3500
   60       10.4000
   60       10.3500
   70       21.1800
   70       21.0800
   70       21.0900
   80       39.5600
   80       39.6600
   80       39.5400
   90       68.5100
   90       68.6500
   90       68.5500
