  100      113.8600
  100      113.6300
  100      113.6800
   20        0.0800
   20        0.0700
   20        0.0700
   30        0.4400
   30        0.4400
   30        0.4400
   40        1.6100
   40        1.6100
   40        1.6000
   50        4.4200
   50        4.4400
   50        4.4400
   60       10.3100
   60       10.2800
   60       10.3300
   70       20.9400
   70       20.9600
   70       20.9500
   80       39.6800
   80       39.4700
   80       39.7700
   90       68.4600
   90       68.3100
   90       68.3200
